     0/299     0.47G    0.1197   0.02792   0.05732    0.5631     0.768        20       416    0.4235   0.08544   0.01369  0.002536    0.1032   0.03147    0.0417     0.222    0.3985
     1/299     0.47G   0.09911     0.033   0.03381     0.166    0.3319        20       416    0.2219   0.09178   0.01729  0.003312   0.09786   0.03855   0.03167    0.1252    0.2933
     2/299     0.47G   0.08468   0.04204   0.02954     0.105    0.2613        16       416    0.1677     0.109   0.06755   0.01633   0.08032   0.03996   0.02982    0.1197    0.2698
     3/299     0.47G   0.09198   0.03795    0.0307    0.1887    0.3493        16       416    0.2626   0.07534   0.03597  0.007122    0.0849   0.04021   0.02995    0.1689     0.324
     4/299     0.47G   0.08463   0.04268   0.03005    0.1486     0.306        25       416   0.04764   0.08353   0.03626  0.009062    0.0736   0.04456   0.03005    0.1175    0.2657
     5/299     0.47G   0.07562   0.04352   0.02841    0.0724      0.22        13       416   0.06831    0.1014   0.05643   0.01629   0.06239   0.04491   0.02989   0.06245    0.1996
     6/299     0.47G   0.06953   0.04376   0.02766   0.05187    0.1928         6       416   0.07866   0.08881   0.06718   0.01486   0.06383   0.04269    0.0295   0.05528    0.1913
     7/299     0.47G   0.06857   0.03845   0.02831   0.04672     0.182        16       416     0.105   0.07866   0.07467   0.03231   0.05476    0.0393   0.02856   0.04375    0.1664
     8/299     0.47G   0.06434   0.03444   0.02706   0.03378    0.1596        18       416    0.1317    0.2246    0.1013   0.04057   0.06038    0.0345   0.02803   0.03717    0.1601
     9/299     0.47G   0.06291   0.03452   0.02699   0.02613    0.1506        21       416    0.2815   0.08904   0.09431   0.04875     0.049    0.0328   0.02763   0.03214    0.1416
    10/299     0.47G   0.06323   0.03146   0.02618   0.02726    0.1481        21       416    0.2764    0.1205   0.08678    0.0237   0.05402   0.03071   0.02737   0.02848    0.1406
    11/299     0.47G   0.05689   0.02977   0.02505   0.01973    0.1314         7       416    0.2621     0.111   0.08969   0.03909   0.04948   0.02981   0.02733   0.02716    0.1338
    12/299     0.47G   0.05423   0.02858   0.02545   0.01907    0.1273        20       416    0.2652    0.1219     0.077   0.02956   0.05312   0.02786   0.02737   0.02572    0.1341
    13/299     0.47G    0.0544   0.02803   0.02519   0.01743     0.125         7       416    0.2589    0.1233    0.0993   0.04334   0.04578   0.02731   0.02711   0.02427    0.1245
    14/299     0.47G   0.05564   0.02668     0.026   0.01894    0.1273        19       416    0.2717    0.1342    0.1197   0.06226   0.05454    0.0251   0.02666   0.02624    0.1325
    15/299     0.47G   0.05499    0.0267   0.02582   0.01594    0.1234        16       416    0.2749    0.1288     0.144   0.07413   0.04582   0.02516   0.02648   0.02191    0.1194
    16/299     0.47G   0.05152   0.02611   0.02546   0.01536    0.1185        23       416    0.2252    0.2183    0.1274   0.07673   0.04439   0.02417   0.02651   0.02325    0.1183
    17/299     0.47G   0.05027   0.02445   0.02502   0.01483    0.1146         8       416    0.2708    0.1397    0.1244   0.04575   0.04939   0.02325   0.02651   0.02203    0.1212
    18/299     0.47G   0.05408   0.02354    0.0251   0.01571    0.1184        16       416    0.2836    0.1233    0.1238   0.05528   0.05016    0.0227   0.02663   0.02199    0.1215
    19/299     0.47G    0.0504   0.02347   0.02527    0.0155    0.1146        15       416    0.2872    0.1399    0.1218     0.061   0.04636   0.02264   0.02644   0.02191    0.1174
    20/299     0.47G   0.04884   0.02379   0.02591    0.0109    0.1094        10       416    0.2947    0.1123    0.1245   0.06462   0.03793   0.02206    0.0263   0.01861    0.1049
    21/299     0.47G   0.04937   0.02312   0.02516   0.01046    0.1081        10       416    0.2918    0.1205    0.1448   0.07409   0.04678   0.02152   0.02611   0.01831    0.1127
    22/299     0.47G   0.05083   0.02271   0.02452   0.01081    0.1089         5       416    0.3024       0.1    0.1341   0.07436   0.04153   0.02208   0.02589   0.01823    0.1077
    23/299     0.47G   0.04696   0.02283   0.02529  0.009927     0.105         7       416    0.3043    0.1151    0.1485   0.09024   0.04172   0.02119   0.02586   0.01854    0.1073
    24/299     0.47G   0.04708   0.02207   0.02446   0.01254    0.1062         6       416    0.2901    0.1096     0.129   0.07898   0.04431   0.02137   0.02572   0.01863      0.11
    25/299     0.47G    0.0482   0.02253   0.02529   0.01132    0.1073        12       416    0.2884    0.1342     0.137   0.06628   0.04439   0.02136   0.02572   0.01813    0.1096
    26/299     0.47G   0.04909   0.02223   0.02409  0.009036    0.1044         8       416    0.2919    0.1342    0.1386   0.07308   0.04229   0.02122   0.02574   0.01794    0.1072
    27/299     0.47G   0.04869   0.02241   0.02404   0.01032    0.1054        11       416    0.3068     0.126    0.1297   0.06925   0.04043    0.0209   0.02573   0.01838    0.1054
    28/299     0.47G   0.04802   0.02109   0.02397   0.00964    0.1027         5       416    0.3086    0.1164    0.1405    0.0863   0.03993   0.02042   0.02571   0.01747    0.1035
    29/299     0.47G   0.04577   0.02239   0.02469   0.00906    0.1019        15       416    0.3106    0.1205    0.1522   0.08744   0.03806    0.0205   0.02549   0.01793     0.102
    30/299     0.47G   0.04531   0.02181   0.02411  0.008624   0.09985        13       416    0.1729    0.2416    0.1519   0.09308   0.03979   0.02056   0.02528    0.0175    0.1031
    31/299     0.47G   0.04351   0.02191   0.02447  0.009974   0.09986        12       416    0.1692    0.2356    0.1539   0.09599   0.03829   0.02058   0.02495   0.01737    0.1012
    32/299     0.47G   0.04369   0.02153   0.02436  0.009031   0.09861        10       416    0.1859    0.2369    0.1562    0.1061   0.03255   0.01992   0.02501   0.01732    0.0948
    33/299     0.47G    0.0432   0.02213   0.02392   0.00747   0.09673        16       416    0.1757    0.2355     0.148   0.09017   0.03605   0.02012   0.02455   0.01746   0.09817
    34/299     0.47G   0.04474   0.02094   0.02414  0.007563   0.09738        19       416    0.1557    0.2356    0.1638    0.1045   0.03276   0.01977   0.02445   0.01706   0.09405
    35/299     0.47G   0.04386    0.0212   0.02385  0.007372   0.09628        16       416    0.1847    0.2402    0.1652    0.1044   0.03791   0.01996   0.02419   0.01695   0.09901
    36/299     0.47G    0.0411   0.02128   0.02375  0.007305   0.09343        17       416    0.1807    0.2369    0.1616    0.1108   0.03159   0.01923    0.0241   0.01715   0.09207
    37/299     0.47G   0.03992   0.02084   0.02375  0.009927   0.09444        13       416    0.1572    0.2369    0.1614    0.1063   0.03106   0.01966   0.02375   0.01692   0.09138
    38/299     0.47G   0.03923   0.02112   0.02412  0.007453   0.09192        10       416    0.2048    0.2327    0.1759    0.1205   0.03278   0.01935   0.02352   0.01655    0.0922
    39/299     0.47G   0.04014   0.02071   0.02333  0.006717    0.0909        18       416    0.1491    0.2554    0.1762    0.1176   0.03427   0.01973   0.02314   0.01669   0.09383
    40/299     0.47G    0.0404   0.02011   0.02335  0.006872   0.09074        15       416    0.3776    0.2352     0.164    0.1073   0.02824   0.01936   0.02297    0.0165   0.08707
    41/299     0.47G   0.03936   0.02077   0.02234  0.006812   0.08928        11       416    0.4282    0.2295    0.1677     0.108   0.03468   0.01952   0.02223    0.0166   0.09302
    42/299     0.47G   0.03539   0.02115   0.02258  0.007026   0.08615        15       416    0.3829    0.2375    0.1656    0.1124   0.03032    0.0188   0.02186   0.01766   0.08864
    43/299     0.47G   0.03524   0.02026   0.02238  0.007462   0.08534        18       416    0.3983    0.2194    0.1602    0.1156   0.03122   0.01911   0.02173   0.01674   0.08881
    44/299     0.47G    0.0364   0.02062   0.02144  0.006977   0.08544         9       416    0.4699    0.1992    0.1788    0.1195    0.0308   0.01957   0.02064   0.01655   0.08756
    45/299     0.47G   0.03595   0.02219   0.02169  0.008053   0.08788        24       416    0.3597    0.1791    0.1025   0.06227   0.03871   0.02542    0.0235   0.02405    0.1117
    46/299     0.47G   0.03922   0.02488   0.02156   0.01133   0.09699        17       416    0.3459    0.2139     0.137   0.08082   0.03311   0.02248   0.02198   0.01871   0.09628
    47/299     0.47G   0.03851   0.02355   0.02073  0.008692   0.09148         8       416      0.39    0.2079    0.1509   0.08885   0.03442   0.02203   0.02141    0.0184   0.09627
    48/299     0.47G   0.03901   0.02312   0.02058  0.008512   0.09122        16       416    0.4275    0.2066    0.1579   0.09478   0.03431   0.02141   0.01986   0.01819   0.09378
    49/299     0.47G   0.03944   0.02279   0.02009  0.008609   0.09092         9       416    0.4249    0.2028     0.178    0.1152   0.03248   0.02092   0.01848   0.01795   0.08983
    50/299     0.47G   0.04054   0.02254   0.01954  0.008308   0.09092        11       416    0.4108    0.1835    0.1683    0.1084   0.03581   0.02129   0.01755   0.01828   0.09293
    51/299     0.47G   0.04137   0.02187   0.01899  0.008006   0.09024        12       416    0.3471    0.2678    0.1628    0.1005   0.03492   0.02085   0.01655    0.0177   0.09003
    52/299     0.47G   0.03957   0.02268   0.01855  0.007928   0.08874         6       416    0.3583    0.2766    0.1914    0.1149   0.03301    0.0205    0.0169   0.01682   0.08724
    53/299     0.47G   0.03844   0.02115   0.01777  0.007805   0.08516         5       416    0.3485    0.2904    0.1875    0.1145   0.03216   0.02009   0.01479   0.01705   0.08409
    54/299     0.47G   0.04133   0.02198   0.01851  0.006959   0.08878         5       416    0.3397    0.3067    0.1814    0.1167   0.03387   0.01994   0.01479   0.01714   0.08574
    55/299     0.47G   0.03896   0.02086   0.01675  0.007257   0.08383         6       416     0.375    0.2991    0.2094    0.1362   0.02898   0.01925   0.01431   0.01671   0.07925
    56/299     0.47G   0.03928   0.02146   0.01718  0.007392   0.08531        12       416     0.355    0.2689     0.183    0.1175   0.03208   0.01999   0.01444   0.01748   0.08399
    57/299     0.47G   0.03683   0.02172    0.0164   0.00743   0.08238        20       416    0.3767    0.2399    0.1905    0.1302   0.02867   0.01937   0.01319   0.01737    0.0786
    58/299     0.47G   0.03878   0.02098   0.01479  0.009888   0.08444        19       416    0.3625    0.2824    0.1891    0.1254   0.03188   0.01976   0.01321     0.018   0.08285
    59/299     0.47G   0.03969   0.02128    0.0161  0.009057   0.08613        15       416     0.384    0.2785    0.2019    0.1314   0.03155   0.01974   0.01259   0.01688   0.08075
    60/299     0.47G   0.03959   0.02082   0.01596  0.007591   0.08396        34       416    0.3897    0.2606     0.199    0.1242    0.0316    0.0191   0.01203   0.01696    0.0797
    61/299     0.47G   0.03827   0.02111   0.01388  0.007115   0.08038         9       416    0.3866    0.2751    0.2075    0.1325   0.03056   0.01895   0.01104   0.01732   0.07787
    62/299     0.47G    0.0376   0.02084   0.01332  0.006816   0.07858        19       416    0.3846    0.2722    0.2046    0.1293   0.03112   0.01917    0.0118   0.01693   0.07901
    63/299     0.47G     0.037   0.02009    0.0139  0.007154   0.07813        19       416    0.3709    0.2815    0.2065    0.1397     0.029   0.01879   0.01121   0.01663   0.07563
    64/299     0.47G   0.03613   0.02089   0.01321  0.007178   0.07741         7       416    0.3853    0.2565    0.2021    0.1419   0.02671   0.01867   0.01084   0.01692   0.07314
    65/299     0.47G   0.03645   0.02058   0.01391  0.007462    0.0784        16       416    0.4017     0.256    0.2118    0.1413   0.02896   0.01849   0.01005   0.01677   0.07427
    66/299     0.47G   0.03571   0.02001   0.01197  0.006799   0.07449        10       416    0.3856    0.2559    0.2075    0.1457   0.02802   0.01796   0.01002   0.01651   0.07251
    67/299     0.47G   0.03627   0.02008   0.01176   0.00658   0.07469        17       416    0.3971     0.252     0.222    0.1486    0.0282   0.01826   0.01024   0.01653   0.07322
    68/299     0.47G   0.03518   0.01929   0.01163   0.00663   0.07273        20       416    0.2187    0.4381     0.287    0.1609   0.02813   0.01832  0.009825   0.01635   0.07262
    69/299     0.47G   0.03495    0.0199   0.01218  0.006153   0.07319        13       416    0.2435     0.418    0.2928    0.1822   0.02809   0.01815  0.009438   0.01612   0.07179
    70/299     0.47G   0.03513   0.01928   0.01181  0.006736   0.07295        16       416    0.2919    0.4012    0.2792    0.1789   0.02803   0.01775   0.01055   0.01632   0.07265
    71/299     0.47G   0.03352   0.02023   0.01227  0.006268   0.07229        32       416    0.2295    0.4134    0.2775    0.1689   0.03018   0.01797   0.00931   0.01614    0.0736
    72/299     0.47G   0.03461   0.01904   0.01141  0.006409   0.07147         5       416    0.2298    0.4468    0.2918    0.1689    0.0284    0.0176  0.009377   0.01626   0.07163
    73/299     0.47G   0.03134   0.01911   0.01108  0.006695   0.06824        11       416    0.2706       0.4    0.3065    0.1931   0.02705   0.01768   0.01015   0.01613     0.071
    74/299     0.47G   0.03173   0.01865  0.009922  0.006234   0.06654        14       416    0.2249    0.4493    0.3119     0.183   0.03035   0.01812   0.01011   0.01604   0.07463
    75/299     0.47G   0.03185   0.01882   0.01062  0.006397   0.06769        16       416    0.2767    0.3971    0.3068    0.1914   0.03007   0.01782  0.009885   0.01603    0.0738
    76/299     0.47G   0.02954   0.01891  0.009523  0.006417   0.06439        10       416      0.25    0.3919    0.3055    0.1941   0.02762   0.01741  0.009526   0.01641   0.07097
    77/299     0.47G   0.02938   0.01754  0.009806   0.00641   0.06314        12       416    0.2957    0.3906    0.3045    0.1896   0.02738   0.01701  0.009239   0.01627    0.0699
    78/299     0.47G   0.03053   0.01784  0.009763   0.00609   0.06422        15       416    0.3977    0.3443     0.307    0.1876   0.02618   0.01708  0.008627   0.01623   0.06811
    79/299     0.47G   0.02918   0.01834  0.009748  0.005797   0.06307         7       416    0.3949    0.3115    0.3016    0.2096   0.02446   0.01675  0.008494   0.01587   0.06558
    80/299     0.47G   0.03123    0.0183   0.00893  0.006138    0.0646        16       416    0.3774    0.3406    0.3048    0.2099   0.02719     0.017  0.008623   0.01586   0.06868
    81/299     0.47G   0.03272   0.01832  0.009487  0.005909   0.06643        10       416    0.3896    0.3536    0.3161    0.2143    0.0272   0.01707  0.008439   0.01599    0.0687
    82/299     0.47G   0.03334   0.01864  0.009459  0.006348   0.06778         8       416    0.3449    0.3611    0.3298    0.2124   0.02918   0.01739  0.008031   0.01608   0.07068
    83/299     0.47G   0.03312   0.01911  0.009717   0.00607   0.06802        21       416    0.3604    0.3089     0.304    0.2142   0.02533   0.01659  0.008831   0.01584   0.06658
    84/299     0.47G   0.03196   0.01815  0.009141   0.00599   0.06524        24       416    0.2835    0.3602    0.2908     0.188    0.0257   0.01682  0.008016   0.01612   0.06665
    85/299     0.47G   0.03069   0.01835  0.009838  0.006297   0.06517        16       416    0.3285      0.36    0.2993    0.2101   0.02577   0.01671  0.008241   0.01599   0.06671
    86/299     0.47G   0.03193   0.01855  0.008321  0.005581   0.06438        18       416    0.2913    0.3457     0.296     0.206   0.02488   0.01658  0.009042   0.01633   0.06683
    87/299     0.47G   0.03098   0.01869   0.00907  0.006364    0.0651        23       416    0.2872    0.3549     0.306    0.2049   0.02603   0.01683  0.008713   0.01637   0.06795
    88/299     0.47G   0.03144    0.0182  0.008956  0.006598    0.0652        17       416    0.3067    0.3458    0.2965    0.1993   0.02537   0.01688  0.008195   0.01644   0.06689
    89/299     0.47G   0.03029   0.01878  0.008461  0.005658   0.06319        16       416    0.2488    0.3797    0.3043    0.2053    0.0243   0.01695  0.008364   0.01619    0.0658
    90/299     0.47G   0.02996   0.01832   0.00826  0.005766   0.06231        22       416    0.2665    0.3581    0.2996    0.2079   0.02358   0.01658  0.008139   0.01598   0.06428
    91/299     0.47G   0.02859   0.01795  0.008623  0.005967   0.06113        11       416    0.3298    0.3348    0.2962    0.2092   0.02432   0.01653  0.008282    0.0161   0.06523
    92/299     0.47G   0.03023   0.01823  0.007895    0.0063   0.06265        18       416    0.2452    0.3905    0.2975    0.2107   0.02473   0.01659  0.008382   0.01607   0.06577
    93/299     0.47G    0.0293   0.01741  0.007536  0.006737   0.06098         8       416    0.3268    0.3044    0.3092    0.2035   0.02514   0.01652  0.008325   0.01603   0.06601
    94/299     0.47G   0.03118   0.01831  0.008947  0.005856   0.06429        12       416    0.2711    0.3963    0.3084    0.2029   0.02626   0.01666  0.008453   0.01607   0.06745
    95/299     0.47G   0.02996   0.01812  0.008593  0.005941   0.06262        17       416    0.2603     0.392    0.2968    0.1903   0.02422   0.01649  0.008564   0.01608   0.06536
    96/299     0.47G   0.02949   0.01766  0.008049  0.005418   0.06062         6       416    0.2505    0.3947    0.2765    0.1984   0.02241   0.01613  0.008511   0.01601   0.06306
    97/299     0.47G   0.02846   0.01715  0.007625  0.005639   0.05888        20       416    0.2556    0.3927    0.2868    0.1964   0.02388   0.01597  0.007107   0.01566   0.06262
    98/299     0.47G    0.0284   0.01757  0.008009  0.005839   0.05982        10       416    0.2636    0.3722    0.2872    0.2079    0.0233   0.01602  0.007105   0.01572   0.06215
    99/299     0.47G   0.02834   0.01751  0.007073  0.006008   0.05893         6       416    0.2936    0.3378    0.2817    0.1991     0.025    0.0162  0.007932   0.01588   0.06501
   100/299     0.47G   0.02777    0.0177  0.008072  0.005787   0.05933        17       416    0.3144    0.3846    0.3033    0.2176   0.02355   0.01592  0.007878   0.01587   0.06321
   101/299     0.47G   0.02901    0.0181  0.007374  0.005532   0.06002        12       416    0.3191    0.3701    0.3039      0.21   0.02474   0.01581    0.0081    0.0156   0.06425
   102/299     0.47G   0.02825     0.017  0.007288  0.006046   0.05859        11       416    0.3512    0.3599    0.3169    0.2178   0.02433   0.01582  0.008525   0.01597   0.06465
   103/299     0.47G   0.02972   0.01767  0.007408  0.005795    0.0606        13       416    0.3856    0.3122    0.2981    0.2079   0.02381   0.01578  0.008336   0.01577   0.06369
   104/299     0.47G   0.02978   0.01799  0.007575  0.005449   0.06079         7       416    0.2597    0.3805    0.3021    0.2058   0.02361   0.01626  0.008321   0.01571    0.0639
   105/299     0.47G   0.02721   0.01699  0.008261  0.005478   0.05793        14       416    0.2441    0.3616    0.2773     0.203   0.02335   0.01577  0.008967   0.01588   0.06396
   106/299     0.47G   0.02695   0.01728  0.007754   0.00586   0.05785        20       416     0.243    0.3613    0.2978     0.207   0.02324    0.0158  0.008943   0.01576   0.06375
   107/299     0.47G   0.02511   0.01685  0.006941  0.005591   0.05449        23       416    0.3778    0.3182     0.295    0.2122   0.02164   0.01558  0.008721    0.0158   0.06174
   108/299     0.47G   0.02583   0.01654  0.007367  0.005949   0.05568        23       416    0.2671    0.3495    0.2819    0.2012   0.02271   0.01589  0.008081   0.01578   0.06247
   109/299     0.47G   0.02534   0.01728  0.006624  0.005142   0.05438        20       416    0.3097    0.3403    0.3034    0.2222   0.02259   0.01561  0.007337   0.01554   0.06107
   110/299     0.47G   0.02675   0.01714  0.006806   0.00576   0.05646        19       416    0.2749    0.3356    0.2849    0.2081   0.02438    0.0159  0.009183   0.01556   0.06503
   111/299     0.47G   0.02897   0.01737  0.007909  0.005057   0.05931        13       416    0.3255    0.3142    0.2931    0.2115   0.02326   0.01585  0.008959   0.01545   0.06352
   112/299     0.47G   0.02795   0.01688  0.006457  0.005118   0.05641         8       416    0.2986     0.303    0.2815    0.2013   0.02384   0.01577  0.008268   0.01541   0.06329
   113/299     0.47G   0.02828   0.01727  0.007031   0.00558   0.05816        15       416    0.2558    0.3671    0.2837    0.2092    0.0224   0.01548  0.007792   0.01548   0.06115
   114/299     0.47G   0.02777   0.01766  0.006867  0.005272   0.05757        28       416    0.2955    0.3501    0.3006    0.2221   0.02303   0.01548  0.008107   0.01566   0.06229
   115/299     0.47G    0.0282   0.01708  0.006774  0.005372   0.05743        21       416    0.2545    0.3917    0.2971    0.2168   0.02264    0.0155  0.007727   0.01573   0.06161
   116/299     0.47G   0.02728   0.01616  0.006623  0.005109   0.05517         6       416    0.2485    0.3716    0.2999    0.2152   0.02282   0.01582  0.007322   0.01563   0.06159
   117/299     0.47G   0.02802   0.01725  0.006293  0.005069   0.05663         9       416    0.2105    0.4299     0.299    0.2116   0.02362   0.01603  0.007942   0.01539   0.06298
   118/299     0.47G   0.02779   0.01719  0.006642  0.005116   0.05674        15       416    0.3234      0.34    0.2938    0.2212   0.02219   0.01545  0.007567   0.01545   0.06066
   119/299     0.47G   0.02699    0.0171  0.006864  0.005088   0.05604         7       416    0.2539    0.3709    0.2912    0.2087   0.02221    0.0156   0.00746   0.01547   0.06074
   120/299     0.47G   0.02606    0.0174  0.005747  0.004734   0.05394        12       416    0.3063    0.3413    0.2888    0.2083   0.02207   0.01555  0.006681    0.0154    0.0597
   121/299     0.47G    0.0269   0.01679  0.006213  0.005189   0.05509         8       416    0.2639    0.3737    0.3022    0.2248   0.02227   0.01553  0.007411   0.01548    0.0607
   122/299     0.47G   0.02651   0.01701  0.005729  0.004956   0.05421        12       416    0.2636    0.3789    0.2985    0.2175   0.02341   0.01572  0.007055   0.01547   0.06165
   123/299     0.47G   0.02822   0.01705  0.006749  0.005207   0.05723         6       416    0.2226    0.4139    0.2952    0.2147   0.02201   0.01547  0.008072    0.0153   0.06086
   124/299     0.47G   0.02714   0.01684  0.006497  0.004804   0.05529        16       416      0.24    0.3816    0.2872     0.214   0.02212   0.01522  0.007479   0.01521   0.06003
   125/299     0.47G   0.02738   0.01679  0.006722  0.005084   0.05598         7       416     0.271     0.355    0.2781    0.2096   0.02126   0.01529  0.007886   0.01528   0.05971
   126/299     0.47G   0.02696   0.01708  0.006091  0.005221   0.05535         7       416    0.2943    0.3454    0.2884    0.1998   0.02205   0.01525  0.008271   0.01532   0.06088
   127/299     0.47G   0.02667   0.01605   0.00586  0.005146   0.05373        12       416    0.3114    0.3664    0.2917    0.2095   0.02249   0.01521  0.007951   0.01542   0.06108
   128/299     0.47G   0.02668   0.01648   0.00693  0.005581   0.05567        13       416    0.2743    0.3564    0.3075    0.2218   0.02168   0.01527  0.008095   0.01527   0.06032
   129/299     0.47G    0.0267   0.01694  0.006011  0.004768   0.05442        26       416    0.2479    0.3888    0.3091    0.2324   0.02099   0.01504  0.007318   0.01526   0.05861
   130/299     0.47G   0.02566   0.01646  0.005893  0.004754   0.05276        20       416    0.2651     0.389    0.2982    0.2197    0.0218   0.01489  0.007906   0.01548   0.06008
   131/299     0.47G   0.02531   0.01594  0.006613  0.005052   0.05291        16       416    0.2501    0.3786    0.2966    0.2218   0.02103   0.01481  0.008622   0.01546   0.05992
   132/299     0.47G   0.02478   0.01657  0.006127  0.005177   0.05266        11       416     0.297    0.3681     0.306    0.2125   0.02235   0.01532  0.006962   0.01544   0.06007
   133/299     0.47G   0.02531   0.01642   0.00684  0.005128    0.0537         4       416    0.2233    0.4052    0.2992    0.2142   0.02128   0.01524  0.008001   0.01534   0.05986
   134/299     0.47G   0.02497    0.0162  0.006478  0.005124   0.05277         9       416    0.3219    0.3241    0.3001    0.2189   0.02109   0.01519  0.008601   0.01556   0.06043
   135/299    0.472G   0.02366   0.01573  0.006278  0.004989   0.05065        15       416    0.2409    0.3709    0.2951    0.2222   0.02056   0.01472  0.007971   0.01546   0.05871
   136/299    0.472G   0.02281   0.01569  0.005328  0.004979    0.0488        33       416    0.2327    0.4071    0.2988    0.2239   0.02075    0.0147  0.007085    0.0153   0.05783
   137/299    0.472G   0.02274   0.01551   0.00539  0.004717   0.04836         9       416    0.2414    0.3843    0.3018    0.2237   0.02053   0.01498  0.008251   0.01529   0.05905
   138/299    0.472G   0.02368   0.01571   0.00599  0.004581   0.04996        13       416    0.2054    0.4403      0.29    0.2246    0.0202   0.01477  0.007538   0.01539    0.0579
   139/299    0.472G   0.02266   0.01544   0.00581  0.005021   0.04893        12       416    0.2033    0.4435    0.2743     0.208   0.02015   0.01467  0.008621   0.01547   0.05891
   140/299    0.472G   0.02331   0.01571  0.005532  0.004921   0.04947         8       416    0.2285    0.4206    0.2795    0.2074   0.01988   0.01489  0.008281   0.01538   0.05842
   141/299    0.472G   0.02268   0.01575  0.006229  0.004886   0.04954        19       416    0.2007    0.4452    0.2795    0.2022   0.02103   0.01479  0.007624   0.01528   0.05871
   142/299    0.472G   0.02225   0.01613  0.005749   0.00486   0.04899        24       416    0.2124    0.4479    0.3069    0.2261    0.0212   0.01491  0.006933   0.01535   0.05839
   143/299    0.472G   0.02369   0.01588  0.005597  0.004694   0.04986        26       416    0.2463    0.3871     0.298    0.2227    0.0208   0.01498  0.006783   0.01533   0.05789
   144/299    0.472G   0.02341   0.01601  0.006118  0.004548   0.05009        21       416    0.2478    0.3931    0.2942    0.2252   0.02106   0.01484  0.007676   0.01526   0.05884
   145/299    0.472G   0.02375   0.01559   0.00543   0.00508   0.04985        30       416    0.2901    0.3379    0.2917    0.2122   0.02071   0.01462  0.008257   0.01528   0.05887
   146/299    0.472G   0.02504   0.01622  0.005345  0.004692    0.0513        15       416     0.283    0.3463     0.298    0.2247   0.02063   0.01473  0.008096   0.01527   0.05872
   147/299    0.472G   0.02284   0.01526  0.005018  0.004872   0.04799        23       416    0.2913    0.3705    0.3039    0.2303   0.01982   0.01447  0.008187   0.01516   0.05763
   148/299    0.472G   0.02377   0.01579  0.005314  0.004743   0.04962        15       416    0.2392    0.4183    0.3099    0.2331    0.0209   0.01484  0.006534   0.01539   0.05767
   149/299    0.472G   0.02353    0.0162  0.005078  0.004331   0.04914         4       416     0.271    0.3876    0.3054    0.2289   0.01992   0.01458  0.006655   0.01527   0.05642
   150/299    0.472G   0.02412   0.01575  0.005215  0.004824   0.04991        10       416    0.2746     0.376     0.292    0.2162   0.02051   0.01469  0.007604   0.01523   0.05804
   151/299    0.472G   0.02405   0.01615  0.005842  0.004697   0.05074        17       416    0.2831    0.3915    0.2976    0.2262   0.01983   0.01456  0.007463   0.01511   0.05696
   152/299    0.472G   0.02279   0.01611  0.005355  0.004457   0.04871        17       416    0.2571    0.3917    0.2934    0.2293   0.02039   0.01429  0.007908   0.01518   0.05777
   153/299    0.472G   0.02379   0.01592  0.005807  0.004772    0.0503        19       416    0.2891    0.3798    0.2968     0.225   0.01993   0.01433  0.007751   0.01512   0.05712
   154/299    0.472G   0.02262     0.016  0.005687  0.004749   0.04905        16       416    0.2361    0.4016    0.2962    0.2249   0.01965   0.01436  0.008425   0.01509   0.05752
   155/299    0.472G   0.02406   0.01597  0.005351  0.004887   0.05027         5       416    0.2448    0.3988    0.2938    0.2265   0.01952   0.01447  0.007317   0.01511   0.05642
   156/299    0.472G   0.02269   0.01604  0.005521  0.004804   0.04905        21       416    0.2212    0.4077    0.2941     0.224   0.01929   0.01438  0.007922    0.0152    0.0568
   157/299    0.472G   0.02291   0.01526  0.005059   0.00485   0.04808        14       416    0.2285     0.409    0.2923     0.222   0.01962   0.01451  0.007588   0.01526   0.05697
   158/299    0.472G   0.02315   0.01609  0.004971  0.004513   0.04873        11       416    0.3109    0.3521    0.3069    0.2294    0.0201   0.01455  0.007296   0.01529   0.05723
   159/299    0.472G   0.02254   0.01556  0.005575   0.00482    0.0485         5       416    0.3102    0.3594    0.3067    0.2339   0.01915   0.01446  0.007192   0.01532   0.05613
   160/299    0.472G   0.02226   0.01536  0.005537  0.004831   0.04799        13       416    0.2466    0.4171    0.3134    0.2365   0.01956   0.01432  0.006386   0.01505   0.05531
   161/299    0.472G   0.02263    0.0156  0.004769   0.00453   0.04753        20       416    0.2281    0.4365    0.3069    0.2268   0.01958   0.01437  0.007003   0.01517   0.05612
   162/299    0.472G   0.02147   0.01448  0.004799  0.004566   0.04531        17       416    0.2592    0.3899    0.3028    0.2227   0.01972   0.01464  0.007763   0.01516   0.05728
   163/299    0.472G   0.02206   0.01519  0.005489  0.004591   0.04733        15       416    0.3124     0.383    0.3181    0.2388   0.01971   0.01447  0.007189   0.01507   0.05644
   164/299    0.472G   0.02124   0.01534  0.005253  0.004496   0.04632        24       416    0.3224    0.3613    0.3129    0.2288   0.01961   0.01458   0.00716   0.01492   0.05627
   165/299    0.472G   0.02226   0.01526  0.004672  0.004366   0.04656         6       416    0.2851    0.3962    0.3123    0.2358   0.01963   0.01465  0.006531   0.01499   0.05581
   166/299    0.472G    0.0211   0.01522  0.005014  0.004731   0.04607         9       416    0.2438    0.3975    0.2962    0.2305   0.01921   0.01457  0.007136   0.01511   0.05603
   167/299    0.472G   0.02013   0.01432  0.004661  0.004572   0.04368        21       416     0.263    0.3887     0.303    0.2334   0.01905   0.01438   0.00781   0.01522   0.05645
   168/299    0.472G   0.02047   0.01547  0.005803  0.004577   0.04632         7       416    0.2282    0.4521    0.3175    0.2416   0.01881   0.01443  0.007668   0.01506   0.05598
   169/299    0.472G   0.02126   0.01537   0.00457  0.004688   0.04589        16       416    0.2821     0.393    0.3104    0.2387   0.01918   0.01441  0.007788   0.01498   0.05635
   170/299    0.472G   0.02081   0.01503  0.005683   0.00431   0.04584         9       416    0.2993    0.3997    0.3141    0.2349   0.01886   0.01442  0.007282     0.015   0.05556
   171/299    0.472G   0.02099   0.01461  0.005782  0.005042   0.04642        16       416    0.2462    0.3997     0.307    0.2326   0.01897    0.0145  0.006912   0.01506   0.05545
   172/299    0.472G   0.01985   0.01486  0.005102  0.004589   0.04441        14       416    0.3209    0.3687    0.3186    0.2292   0.01928   0.01461  0.007098   0.01494   0.05593
   173/299    0.472G   0.02028   0.01555  0.004778  0.004438   0.04505        10       416    0.2675    0.3764    0.3082    0.2296   0.01869   0.01424   0.00765   0.01482    0.0554
   174/299    0.472G   0.01942   0.01462  0.005632  0.004718   0.04439        20       416    0.2656    0.3657    0.3014    0.2214   0.01912   0.01417  0.007898   0.01484   0.05603
   175/299    0.472G   0.02048   0.01555  0.004542  0.004229    0.0448         4       416    0.2419    0.3917    0.3121    0.2439   0.01897   0.01423  0.007816    0.0149   0.05591
   176/299    0.472G   0.01985   0.01523  0.004233  0.004214   0.04353         9       416    0.2319     0.411    0.3096    0.2321   0.01901   0.01429  0.007269   0.01474   0.05531
   177/299    0.472G   0.02025   0.01496  0.005145  0.004607   0.04496        14       416    0.2269    0.4118    0.3016    0.2316   0.01874   0.01398  0.007611   0.01464   0.05497
   178/299    0.472G   0.01956   0.01454  0.004811  0.004406   0.04333        19       416    0.2688    0.3909    0.3052    0.2365   0.01856   0.01401  0.007911   0.01481   0.05529
   179/299    0.472G   0.02055   0.01425  0.005191  0.004481   0.04447        21       416    0.2676    0.3912    0.3101    0.2381   0.01924   0.01442  0.007637   0.01495   0.05624
   180/299    0.472G   0.02131   0.01486  0.004642   0.00456   0.04537        20       416    0.2401    0.4086    0.3075    0.2382   0.01845   0.01425  0.007755   0.01493   0.05538
   181/299    0.472G   0.02154   0.01486  0.005263   0.00425   0.04591        22       416    0.2491    0.4084    0.3085    0.2337   0.01905   0.01421  0.006572   0.01494   0.05477
   182/299    0.472G   0.02069   0.01445  0.004746   0.00461    0.0445        10       416    0.2651    0.3964    0.3109     0.238   0.01847    0.0141  0.006152   0.01487   0.05359
   183/299    0.472G   0.01976   0.01432  0.004875  0.004507   0.04347         9       416    0.2611    0.3922    0.3023    0.2325   0.01871   0.01405   0.00657   0.01485   0.05418
   184/299    0.472G   0.01997   0.01473   0.00547  0.004635    0.0448        16       416    0.2619    0.3839    0.3046    0.2357   0.01844   0.01402  0.007308   0.01478   0.05454
   185/299    0.472G    0.0197   0.01469  0.005046  0.004517   0.04395        18       416     0.281    0.3715    0.3072    0.2366   0.01827   0.01407  0.006627   0.01478   0.05374
   186/299    0.472G   0.01963   0.01528  0.005259  0.004441   0.04461        16       416    0.2473    0.4154    0.3137    0.2405   0.01842   0.01396  0.006568   0.01483   0.05378
   187/299    0.472G   0.02034   0.01481   0.00491  0.004462   0.04453        17       416    0.2689    0.4036     0.313    0.2433   0.01827   0.01386  0.006647   0.01486   0.05364
   188/299    0.472G   0.01963   0.01392  0.004816  0.004261   0.04263         8       416    0.3249    0.3723    0.3176    0.2449   0.01856     0.014  0.006801   0.01485   0.05421
   189/299    0.472G   0.01961   0.01464  0.004634  0.004402   0.04328        14       416    0.2347    0.4518    0.3245    0.2484   0.01839   0.01406  0.006948    0.0149    0.0543
   190/299    0.472G   0.02039   0.01481   0.00493  0.004318   0.04445         9       416    0.2248    0.4496    0.3232     0.251   0.01835   0.01411  0.006499   0.01487   0.05382
   191/299    0.472G   0.01886   0.01416  0.004434  0.004542     0.042         6       416     0.294    0.3843    0.3133    0.2397   0.01838   0.01405  0.007282   0.01488   0.05459
   192/299    0.472G   0.01967   0.01435  0.004292  0.004573   0.04289        13       416    0.2823    0.3954    0.3168     0.242   0.01837   0.01392  0.006637   0.01491   0.05383
   193/299    0.472G   0.01847   0.01511  0.004479  0.004808   0.04286        19       416     0.311    0.3588    0.3076    0.2382    0.0184   0.01393  0.007578   0.01495   0.05485
   194/299    0.472G    0.0185    0.0144  0.004819  0.004274   0.04199        17       416    0.2812    0.3895    0.3174    0.2449   0.01821   0.01378  0.006705   0.01492   0.05362
   195/299    0.472G   0.01908   0.01479   0.00449  0.004293   0.04266        12       416    0.2865    0.3679    0.3139    0.2443   0.01821   0.01389  0.007063   0.01492   0.05409
   196/299    0.472G   0.01822   0.01403  0.004441  0.004623   0.04131        18       416    0.3022    0.3784    0.3148    0.2395   0.01857   0.01425  0.007726   0.01489   0.05544
   197/299    0.472G   0.01975   0.01409  0.004819  0.004056   0.04271        10       416    0.2953    0.3607    0.3129    0.2367   0.01859   0.01415  0.007665   0.01481   0.05521
   198/299    0.472G   0.01817   0.01339  0.003846   0.00461   0.04002        16       416    0.3128    0.3378     0.309    0.2383   0.01872    0.0142  0.007796   0.01482   0.05554
   199/299    0.472G   0.01821   0.01403  0.004026  0.004623   0.04089        13       416    0.3082    0.3501    0.2991    0.2333   0.01847   0.01417  0.008954   0.01481    0.0564
   200/299    0.472G   0.01828   0.01426  0.004309  0.004688   0.04154        14       416    0.2865    0.3529    0.3025    0.2375   0.01821   0.01398  0.009789   0.01495   0.05693
   201/299    0.472G   0.01907   0.01395  0.004747  0.004355   0.04213        14       416    0.3046    0.3715    0.3163    0.2437   0.01861   0.01396  0.007985   0.01496   0.05552
   202/299    0.472G   0.01829   0.01362   0.00479  0.004539   0.04124         7       416    0.3215    0.3632    0.3291    0.2527   0.01796   0.01369  0.007426   0.01484   0.05392
   203/299    0.472G   0.01751   0.01389  0.004421   0.00419   0.04001         5       416    0.2431    0.4442    0.3134     0.237   0.01815   0.01399  0.008594    0.0149   0.05563
   204/299    0.472G   0.01786   0.01422  0.004763  0.004263   0.04111        12       416    0.2627    0.4453     0.315    0.2535   0.01793   0.01412  0.008384   0.01489   0.05532
   205/299    0.472G   0.01853   0.01451  0.004175  0.004359   0.04157        19       416    0.2438    0.4272    0.3112    0.2471   0.01812   0.01396  0.008295   0.01486   0.05523
   206/299    0.472G   0.01826    0.0139  0.005014  0.004311   0.04149        10       416    0.2778    0.3847    0.3153    0.2425   0.01821   0.01424  0.007819   0.01485   0.05512
   207/299    0.472G   0.01797   0.01416  0.004181  0.004534   0.04085        13       416     0.325    0.3569    0.3287    0.2524   0.01804   0.01416  0.006787   0.01481   0.05379
   208/299    0.472G   0.01768   0.01366  0.004505  0.004034   0.03988        16       416    0.2384    0.4402    0.3218    0.2529   0.01764   0.01398  0.006795   0.01479    0.0532
   209/299    0.472G   0.01757   0.01369  0.004086  0.004046    0.0394        11       416    0.2388    0.4546    0.3224     0.249   0.01748   0.01383   0.00675   0.01484    0.0529
   210/299    0.472G   0.01742   0.01398  0.004592  0.004284   0.04028        11       416    0.2876    0.3857    0.3156    0.2466    0.0177   0.01368  0.007809   0.01487   0.05406
   211/299    0.472G    0.0179   0.01439  0.004366  0.004128   0.04079        13       416    0.2791    0.4057     0.319    0.2513   0.01763    0.0136  0.006562   0.01493   0.05273
   212/299    0.472G   0.01771   0.01455  0.004054  0.004224   0.04054        11       416    0.2849    0.4016    0.3234    0.2505   0.01765    0.0138   0.00657   0.01481   0.05283
   213/299    0.472G   0.01734   0.01386  0.004207  0.004341   0.03975        19       416    0.3483    0.3478    0.3306     0.264   0.01754   0.01405   0.00663    0.0148   0.05302
   214/299    0.472G    0.0174   0.01329  0.004354  0.004279   0.03933         8       416    0.2451    0.4272    0.3169    0.2493   0.01757   0.01401  0.007254   0.01486    0.0537
   215/299    0.472G   0.01706   0.01364  0.004104  0.004148   0.03895        23       416    0.2695     0.389     0.314    0.2456   0.01759   0.01397  0.007184   0.01489   0.05364
   216/299    0.472G   0.01824   0.01401  0.004078  0.004355   0.04069         8       416    0.2661    0.3838    0.3133    0.2438   0.01807   0.01386  0.007021   0.01484   0.05379
   217/299    0.472G    0.0177   0.01359  0.004016  0.004243   0.03954        20       416    0.2474    0.4376    0.3232    0.2459    0.0179   0.01377  0.006276   0.01476    0.0527
   218/299    0.472G   0.01677   0.01356  0.004469  0.004368   0.03917         9       416    0.2561    0.4281    0.3253    0.2555   0.01769   0.01364  0.007004   0.01483   0.05316
   219/299    0.472G   0.01728   0.01374  0.004193  0.004229   0.03944        18       416    0.2523    0.4501    0.3294    0.2578   0.01796   0.01375  0.007461   0.01484   0.05401
   220/299    0.472G   0.01715   0.01346  0.004826  0.004055   0.03949         8       416    0.2512    0.4468    0.3249    0.2515   0.01788   0.01361  0.007563   0.01483   0.05389
   221/299    0.472G   0.01765   0.01395  0.005336  0.004709   0.04165        14       416    0.2593    0.4263    0.3151    0.2454   0.01777   0.01368  0.007167   0.01497   0.05358
   222/299    0.472G   0.01701   0.01415  0.004216  0.004247   0.03963        15       416    0.2568     0.425    0.3135    0.2456   0.01759   0.01373  0.006746   0.01484    0.0529
   223/299    0.472G   0.01679   0.01356  0.003606  0.004125   0.03808        19       416    0.2665    0.4241    0.3201    0.2503   0.01767   0.01366  0.006892   0.01487   0.05309
   224/299    0.472G   0.01721   0.01362  0.004517  0.004231   0.03958        22       416     0.254    0.4239    0.3157    0.2487   0.01748   0.01363  0.007829   0.01489   0.05383
   225/299    0.472G   0.01737   0.01366  0.003739  0.003983   0.03876         7       416    0.3159     0.365    0.3197    0.2512   0.01756   0.01371  0.007864    0.0148   0.05393
   226/299    0.472G    0.0171   0.01448   0.00426  0.003823   0.03967        10       416    0.3148    0.3706    0.3065    0.2392   0.01766   0.01353  0.009034   0.01474   0.05497
   227/299    0.472G   0.01731   0.01395  0.004048  0.004206   0.03951        13       416    0.3069    0.3752    0.3183    0.2489   0.01766   0.01363  0.008679   0.01475   0.05472
   228/299    0.472G    0.0171   0.01398  0.004357  0.004346   0.03978        24       416    0.3012    0.3865    0.3217     0.246   0.01759   0.01358  0.008985   0.01483   0.05498
   229/299    0.472G   0.01655   0.01327  0.003936  0.004087   0.03784         9       416    0.3015    0.3815    0.3178    0.2482   0.01784   0.01389  0.008678   0.01488   0.05528
   230/299    0.472G    0.0166   0.01386  0.003659  0.004309   0.03842         9       416    0.2566    0.4244    0.3251    0.2527   0.01775     0.014  0.008344   0.01499   0.05509
   231/299    0.472G   0.01748   0.01362  0.004511  0.003876   0.03949        13       416    0.2584    0.4211    0.3149    0.2424   0.01778   0.01395  0.008438   0.01492    0.0551
   232/299    0.472G   0.01692   0.01334  0.004508  0.004517   0.03929         6       416    0.2541     0.428    0.3124    0.2435    0.0177   0.01406  0.009106   0.01479   0.05566
   233/299    0.472G   0.01635   0.01401  0.004058  0.003911   0.03833         7       416    0.2728    0.3904    0.3192    0.2509   0.01788   0.01402   0.00906   0.01468   0.05564
   234/299    0.472G   0.01672   0.01358  0.003659  0.004018   0.03797        15       416    0.3372    0.3643    0.3273    0.2575   0.01785    0.0141  0.008153   0.01472   0.05482
   235/299    0.472G   0.01654   0.01377  0.003811  0.004184   0.03831        16       416     0.411    0.3494    0.3358    0.2602   0.01763   0.01402  0.007031   0.01477   0.05346
   236/299    0.472G   0.01686   0.01341  0.004445  0.004152   0.03886         9       416    0.3156    0.3635    0.3354    0.2626   0.01764     0.014  0.008426    0.0147   0.05476
   237/299    0.472G   0.01691   0.01342  0.004747  0.004191   0.03927        17       416    0.2823    0.3841    0.3178    0.2485   0.01766   0.01387  0.007954    0.0147   0.05418
   238/299    0.472G   0.01689   0.01392  0.004157  0.004068   0.03904        16       416    0.2917     0.385    0.3128    0.2472   0.01763   0.01393  0.007649   0.01476   0.05396
   239/299    0.472G   0.01669   0.01364  0.004061  0.004283   0.03866         8       416    0.2937    0.3854    0.3151    0.2469    0.0174   0.01375  0.007714   0.01489   0.05375
   240/299    0.472G   0.01593   0.01324  0.003824  0.004069   0.03706        21       416     0.285    0.3925    0.3219    0.2573   0.01743   0.01381   0.00753   0.01486   0.05364
   241/299    0.472G   0.01617   0.01309  0.003842  0.004074   0.03718         8       416    0.3209    0.3723    0.3236    0.2572   0.01745   0.01381  0.007154   0.01478    0.0532
   242/299    0.472G   0.01622   0.01376  0.004204  0.004111    0.0383        27       416    0.2286    0.5035    0.3206    0.2543   0.01747   0.01388  0.007401   0.01475    0.0535
   243/299    0.472G   0.01616   0.01338  0.003844  0.004212    0.0376        24       416     0.226    0.5031    0.3234    0.2556   0.01745   0.01389    0.0074   0.01476    0.0535
   244/299    0.472G    0.0166   0.01407  0.003752  0.004001   0.03843        15       416    0.2863    0.3928     0.324    0.2536   0.01788   0.01409  0.007318   0.01482    0.0541
   245/299    0.472G   0.01659   0.01371  0.003839  0.003831   0.03797        12       416    0.2837    0.3937     0.329    0.2539   0.01779   0.01405  0.007838   0.01477   0.05446
   246/299    0.472G   0.01607   0.01328  0.004128  0.004187   0.03766        11       416    0.2944    0.3583    0.3133    0.2479   0.01754     0.014  0.009091   0.01477    0.0554
   247/299    0.472G   0.01673   0.01401  0.003673  0.003986    0.0384        13       416    0.2353    0.4211    0.3112    0.2462   0.01743   0.01401  0.008637   0.01479   0.05486
   248/299    0.472G   0.01611   0.01348  0.004516  0.004184   0.03829        11       416    0.2384    0.4304    0.3129    0.2473   0.01728   0.01366   0.00818   0.01476   0.05388
   249/299    0.472G    0.0161   0.01296  0.004014  0.003914   0.03699        14       416    0.2481    0.4304    0.3194    0.2526   0.01708   0.01346   0.00828   0.01473   0.05354
   250/299    0.472G   0.01602   0.01303  0.003552  0.003926   0.03653        18       416    0.2386    0.4304    0.3193    0.2525   0.01714   0.01355  0.007906   0.01473   0.05333
   251/299    0.472G   0.01604   0.01358  0.003612  0.003849   0.03709        27       416    0.2707    0.3876    0.3222    0.2512   0.01721   0.01353  0.008079   0.01476   0.05358
   252/299    0.472G   0.01597   0.01317  0.004369  0.004064   0.03758        20       416    0.2827    0.3976    0.3289    0.2594   0.01738   0.01359  0.006946   0.01475   0.05266
   253/299    0.472G   0.01592   0.01311  0.003747  0.004414    0.0372        13       416    0.3066    0.3699     0.327    0.2572   0.01758   0.01375  0.006847   0.01477   0.05295
   254/299    0.472G   0.01612   0.01325  0.003873  0.004312   0.03755        16       416    0.2772     0.388    0.3193    0.2536    0.0175   0.01387  0.007409    0.0148   0.05359
   255/299    0.472G   0.01624   0.01281  0.003531  0.004233   0.03681        14       416    0.3078    0.3676     0.322    0.2554    0.0176   0.01385   0.00742   0.01481   0.05368
   256/299    0.472G   0.01606   0.01296   0.00427  0.004107    0.0374        11       416    0.2465    0.4436    0.3252    0.2566   0.01742   0.01385  0.006738   0.01474   0.05275
   257/299    0.472G   0.01642   0.01328  0.003527  0.004245   0.03748         9       416    0.2699    0.3937    0.3177    0.2514   0.01724    0.0137  0.007358   0.01467   0.05296
   258/299    0.472G   0.01593   0.01346  0.003753  0.003772   0.03691        17       416    0.2609     0.411    0.3246     0.253    0.0173   0.01383   0.00769   0.01472   0.05353
   259/299    0.472G   0.01591   0.01324  0.003492  0.003938   0.03658        13       416    0.2768    0.3937     0.324    0.2526   0.01735   0.01385  0.007556   0.01472   0.05348
   260/299    0.472G   0.01594   0.01305  0.003486  0.004146   0.03662        20       416    0.2863    0.3937    0.3262    0.2553   0.01748   0.01385   0.00805   0.01472    0.0541
   261/299    0.472G   0.01562   0.01279  0.003694    0.0038    0.0359         6       416    0.3065    0.3942    0.3284     0.256   0.01739   0.01371  0.007698   0.01474   0.05354
   262/299    0.472G   0.01584   0.01282  0.003611  0.003913   0.03619        15       416    0.2995    0.3891    0.3289    0.2571   0.01727   0.01358  0.007639   0.01475   0.05324
   263/299    0.472G   0.01586   0.01289  0.003722  0.003834   0.03631        19       416    0.2684    0.4258    0.3268    0.2573   0.01717    0.0137  0.007299   0.01477   0.05294
   264/299    0.472G   0.01593   0.01323  0.004383  0.003976   0.03752        15       416    0.3062    0.3786    0.3242    0.2525   0.01747   0.01393   0.00791   0.01479    0.0541
   265/299    0.472G   0.01572    0.0133  0.003286  0.003839   0.03615        15       416    0.2891    0.3942    0.3264    0.2568    0.0173   0.01384  0.007878   0.01477   0.05379
   266/299    0.472G   0.01579   0.01286  0.003411   0.00413   0.03619        28       416      0.28       0.4    0.3285    0.2584   0.01736   0.01382  0.007464   0.01476   0.05341
   267/299    0.472G   0.01564   0.01262  0.003966  0.003947   0.03617        14       416    0.2751    0.4186    0.3345    0.2631   0.01729   0.01391  0.007773    0.0147   0.05368
   268/299    0.472G    0.0156   0.01371  0.003727  0.003879   0.03691        14       416    0.2677    0.4244    0.3337    0.2619   0.01732   0.01392  0.008116   0.01473   0.05409
   269/299    0.472G   0.01537   0.01317  0.003599  0.003713   0.03585         9       416    0.2576    0.4237    0.3191     0.252   0.01731   0.01387   0.00974   0.01466   0.05558
   270/299    0.472G   0.01578   0.01314  0.003499  0.003719   0.03614        15       416    0.2962    0.3996    0.3216    0.2543   0.01723   0.01389  0.008409   0.01463   0.05417
   271/299    0.472G   0.01582   0.01332  0.003748  0.003863   0.03675        13       416    0.2709    0.4244    0.3255    0.2553   0.01728   0.01396  0.007955   0.01475   0.05394
   272/299    0.472G   0.01602   0.01338  0.003125   0.00395   0.03648        19       416    0.2626    0.4244    0.3239    0.2559   0.01722   0.01395  0.007336   0.01476   0.05327
   273/299    0.472G   0.01597   0.01354  0.004009  0.003972   0.03749        14       416    0.3009    0.3896     0.324    0.2555   0.01724   0.01394   0.00786   0.01475    0.0538
   274/299    0.472G   0.01581   0.01299   0.00336  0.003954   0.03611        17       416    0.3013    0.4003    0.3176    0.2461   0.01731   0.01384  0.008545   0.01481    0.0545
   275/299    0.472G   0.01549   0.01309  0.003303  0.003866   0.03575        19       416    0.3029    0.4003    0.3174    0.2461   0.01724   0.01381   0.00889   0.01486   0.05479
   276/299    0.472G   0.01605   0.01286  0.003432  0.003904   0.03625         7       416    0.2911    0.3742    0.3161    0.2498   0.01716   0.01373   0.01015   0.01476    0.0558
   277/299    0.472G   0.01562   0.01304  0.003457  0.003976    0.0361        14       416    0.2676    0.4105    0.3196    0.2535   0.01711   0.01365   0.01006    0.0147   0.05552
   278/299    0.472G   0.01561   0.01312  0.003495  0.004105   0.03633        17       416    0.2934    0.3779    0.3123     0.249   0.01722    0.0137   0.01061   0.01464   0.05617
   279/299    0.472G   0.01557   0.01318  0.003153   0.00398   0.03588        23       416     0.257    0.4211    0.3136    0.2514   0.01726   0.01379   0.01001    0.0147   0.05576
   280/299    0.472G   0.01551   0.01307  0.004031  0.003742   0.03635        13       416    0.2713       0.4    0.3172    0.2528   0.01736   0.01372  0.009286   0.01465   0.05502
   281/299    0.472G   0.01585   0.01301  0.003794  0.004017   0.03668         3       416    0.3127    0.4049    0.3323    0.2609   0.01741   0.01366   0.00781   0.01466   0.05354
   282/299    0.472G   0.01546   0.01319  0.003702  0.003839   0.03619        18       416    0.3096    0.4201    0.3293    0.2569   0.01727   0.01361  0.008331   0.01466   0.05387
   283/299    0.472G   0.01544   0.01284   0.00394  0.003967   0.03618        16       416    0.2994    0.4211    0.3326    0.2618    0.0173    0.0138   0.00764   0.01473   0.05347
   284/299    0.472G   0.01578   0.01275  0.003646  0.004112   0.03629         3       416    0.2901    0.4191    0.3426    0.2646   0.01725    0.0138  0.007374   0.01468    0.0531
   285/299    0.472G   0.01527   0.01279  0.003183  0.004132   0.03538        10       416    0.2938    0.4048    0.3395    0.2638   0.01703   0.01351   0.00741   0.01471   0.05267
   286/299    0.472G    0.0156   0.01301  0.003756  0.004038    0.0364        11       416    0.3174    0.4165    0.3406    0.2657   0.01713   0.01352  0.006955   0.01476   0.05236
   287/299    0.472G   0.01531    0.0134   0.00366  0.003649   0.03602        10       416    0.2838    0.4033    0.3288    0.2573   0.01719   0.01355   0.00817   0.01468   0.05359
   288/299    0.472G   0.01553   0.01302  0.003244  0.004026   0.03582        11       416    0.2759    0.4208    0.3186    0.2522   0.01708   0.01348  0.009351   0.01464   0.05455
   289/299    0.472G   0.01572    0.0129  0.004863  0.003846   0.03733         3       416    0.2604    0.4244    0.3342    0.2669   0.01695   0.01353  0.007782   0.01457   0.05283
   290/299    0.472G    0.0155   0.01308  0.003414  0.003742   0.03574        13       416    0.2944     0.389    0.3228     0.259   0.01683   0.01355  0.007716   0.01465   0.05275
   291/299    0.472G   0.01519   0.01263  0.003202  0.004044   0.03506         9       416    0.2662    0.4118    0.3177    0.2508   0.01693   0.01353  0.009506   0.01464    0.0546
   292/299    0.472G   0.01547   0.01288  0.003198  0.004375   0.03592         7       416    0.2784    0.4301    0.3335    0.2622   0.01716   0.01371  0.008557   0.01456   0.05399
   293/299    0.472G   0.01554   0.01244  0.003215   0.00367   0.03486        21       416    0.3011    0.4063    0.3285    0.2578   0.01726    0.0137  0.008821   0.01462    0.0544
   294/299    0.472G   0.01564   0.01285   0.00329  0.004328    0.0361        28       416    0.2748    0.4204    0.3269    0.2575   0.01714   0.01348      0.01   0.01466   0.05528
   295/299    0.472G   0.01592   0.01285  0.003849  0.003945   0.03657         7       416    0.3036    0.4109    0.3264    0.2598   0.01706   0.01353  0.008503   0.01464   0.05374
   296/299    0.472G   0.01546   0.01298  0.003832  0.003847   0.03612        12       416    0.2956    0.3984     0.326    0.2584   0.01717    0.0135  0.008414   0.01462    0.0537
   297/299    0.472G   0.01538   0.01272   0.00372  0.003712   0.03553        10       416    0.2936     0.389    0.3173    0.2506   0.01706   0.01353   0.01048   0.01469   0.05576
   298/299    0.472G   0.01548    0.0129  0.003839  0.004069   0.03629        10       416    0.2768    0.4137    0.3074    0.2445   0.01695   0.01356  0.009365   0.01462    0.0545
   299/299    0.472G   0.01519   0.01271  0.002967   0.00365   0.03451        19       416    0.2754    0.4276    0.3279    0.2578   0.01706   0.01352  0.008336   0.01461   0.05353
